2 5
3 5
5 5
7 10
11 11
13 10
17 20
19 20
23 25
29 30
31 25
37 35
41 50
43 50
47 40
53 60
59 55
61 50
67 75
71 75
73 70
79 90
83 90
89 75
97 105
101 98
103 124
107 88
109 102
113 105
127 130
131 150
137 129
139 122
149 166
151 136
157 165
163 150
167 188
173 184
179 211
181 197
191 127
193 160
197 232
199 224
211 188
223 189
227 213
229 242
233 271
239 204
241 216
251 346
257 290
263 125
269 201
271 254
277 326
281 497
283 467
293 31
307 484
311 415
313 367
317 298
331 338
337 305
347 384
349 478
353 641
359 624
367 -42
373 -120
379 289
383 926
389 1401
397 139
401 -321
409 341
419 486
421 554
431 409
433 525
439 250
443 181
449 283
457 1563
461 1912
463 1621
467 666
479 -2425
487 770
491 3015
499 2850
503 1468
509 241
521 -1030
523 -885
541 376
547 0
557 2362
563 5823
569 5620
571 4369
577 -2657
587 -10311
593 -3279
599 5397
601 7301
607 9885
613 9075
617 6234
619 4169
631 -6203
641 -6682
643 -6782
647 -6297
653 -5205
659 1422
661 5318
673 27097
677 22779
683 -709
691 -33022
701 -25147
709 7035
719 38757
727 31287
733 12110
739 -9243
743 -22829
751 -43374
757 -48514
761 -40564
769 13893
773 52969
787 72182
797 -56723
809 -114578
811 -103184
821 21072
823 48418
827 95052
829 111731
839 119850
853 -55581
857 -120900
859 -150616
863 -193821
877 -20460
881 106478
883 167275
887 262615
907 -106841
911 -239359
919 -343648
929 -118246
937 187811
941 315952
947 412203
953 351757
967 -315907
971 -505523
977 -605160
983 -402684
991 195589
997 607832
1009 551725
1013 258551
1019 -272037
1021 -437175
1031 -848033
1033 -819154
1039 -508826
1049 452579
1051 640700
1061 1074325
1063 1014501
1069 511510
1087 -1406897
1091 -1249511
1093 -1062352
1097 -517575
1103 500115
1109 1334891
1117 1525827
1123 883131
1129 -168210
1151 -1129017
1153 -766131
1163 1414043
1171 2290298
1181 895990
1187 -787609
1193 -2203440
1201 -2544833
1213 338639
1217 1524625
1223 2731216
1229 2807340
1231 2554663
1237 1093013
1249 -2669944
1259 -3000928
1277 3177360
1279 3603071
1283 3887604
1289 2815344
1291 2113989
1297 -532702
1301 -2288520
1303 -3024962
1307 -4025001
1319 -2296730
1321 -1436305
1327 1441297
1361 -4025640
1367 -5026122
1373 -3751395
1381 483852
1399 4392051
1409 -916554
1423 -5821880
1427 -5029594
1429 -4253071
1433 -2105050
1439 1830324
1447 5894015
1451 6512855
1453 6375929
1459 4280195
1471 -3367456
1481 -5519496
1483 -5076435
1487 -3440937
1489 -2349700
1493 80249
1499 3333768
1511 3773404
1523 -3286851
1531 -7027336
1543 -4262515
1549 405310
1553 3776331
1559 7862674
1567 9455490
1571 8370566
1579 3760615
1583 1153709
1597 -3422929
1601 -3171458
1607 -2251975
1609 -1967849
1613 -1672949
1619 -2316124
1621 -2876571
1627 -5501834
1637 -10965762
1657 -4620455
1663 3588107
1667 9688100
1669 12710989
1693 26132387
1697 22703451
1699 20438585
1709 5003940
1721 -17255047
1723 -20856011
1733 -37072246
1741 -46878785
1747 -51142541
1753 -51158191
1759 -45113960
1777 19929886
1783 53927590
1787 76980009
1789 88004823
1801 133218570
1811 123609187
1823 46295156
1831 -32498973
1847 -193632847
1861 -268986326
1867 -263498749
1871 -242842553
1873 -226861754
1877 -182996678
1879 -155014164
1889 41208729
1901 349183529
1907 490221758
1913 591879141
1931 486328750
1933 431192606
1949 -247475396
1951 -350121501
1973 -1265057307
1979 -1315270745
1987 -1153214410
1993 -839249578
1997 -539289577
1999 -364375137
2003 28448114
2011 928726602
2017 1619449092
2027 2542369061
2029 2663254187
2039 2799955420
2053 1453589931
2063 -494095695
2069 -1883083621
2081 -4530074064
2083 -4884487619
2087 -5462627542
2089 -5674331132
2099 -5750970452
2111 -3294450928
2113 -2614445373
2129 4635557424
2131 5624462676
2137 8413428751
2141 9991771299
2143 10657269483
2153 12277799376
2161 10996822538
2179 -780469686
2203 -22373932008
2207 -24201420008
2213 -24971520520
2221 -21681878861
2237 -228671881
2239 3533095389
2243 11428081406
2251 27454419300
2267 49164309534
2269 49947451147
2273 49786218596
2281 41947961981
2287 29353708412
2293 11575109155
2297 -2572408157
2309 -49805959303
2311 -57440213741
2333 -97894684284
2339 -86756497156
2341 -80508288195
2347 -54397969320
2351 -31383067267
2357 9768530738
2371 116757491623
2377 155606891516
2381 175278396914
2383 182692605845
2389 193335013824
2393 189497883236
2399 165778766432
2411 55166952795
2417 -25258455593
2423 -114154962409
2437 -303772527568
2441 -340099004213
2447 -369328061290
2459 -313822890067
2467 -186350890272
2473 -49756135713
2477 55498848742
2503 671598240092
2521 540351122755
2531 180387214901
2539 -212887673628
2543 -425046222441
2549 -736627625375
2551 -833614715942
2557 -1085722889270
2579 -1095126221780
2591 -338816509516
2593 -169253067433
2609 1349143806075
2617 1990262294136
2621 2216641687911
2633 2333892133168
2647 1205077704257
2657 -315463406456
2659 -661600304654
2663 -1368819250961
2671 -2731204735411
2677 -3574877651687
2683 -4142867537593
2687 -4320768086875
2689 -4340859284530
2693 -4233056513073
2699 -3685601906597
2707 -2251315298995
2711 -1269197106560
2713 -724434656236
2719 1064519824170
2729 4185490564195
2731 4766934324211
2741 7051522632435
2749 7731084764069
2753 7574094219855
2767 4194194188223
2777 -505321978133
2789 -7083264861438
2791 -8115586961907
2797 -10843208654260
2801 -12227553684494
2803 -12754315719626
2819 -11894758581796
2833 -3254669865066
2837 254285567698
2843 5939862766104
2851 13463976019084
2857 18293080132909
2861 20794529026047
2879 20978655909259
2887 14251669328590
2897 837387109915
2903 -8807509537003
2909 -18606072485802
2917 -30183355665807
2927 -38962430770668
2939 -36488084039896
2953 -13604504633880
2957 -3873944561769
2963 12199599278360
2969 28738146028774
2971 34072565124323
2999 62509819140554
3001 59543995982803
3011 33808630028863
3019 2510094905564
3023 -15302342417371
3037 -76511410463161
3041 -90306817528309
3049 -107912568305163
3061 -101155450225657
3067 -81175381517845
3079 -12580526461028
3083 16078803855553
3089 60861031853089
3109 172933164101400
3119 174482575703058
3121 168898833827428
3137 56086758704143
3163 -231701417487750
3167 -260523816779813
3169 -271410903582523
3181 -276854796941486
3187 -237282961474008
3191 -195478059817132
3203 -10264469788121
3209 102351891784534
3217 250961036580031
3221 317091702538200
3229 416668928326929
3251 334790596115020
3253 298470256034874
3257 213308714675485
3259 165148133511365
3271 -173052882371355
3299 -706017701187309
3301 -700848524874027
3307 -639098864281768
3313 -508943823729585
3319 -317313486018074
3323 -161873818273257
3329 98994950520873
3331 190014490615339
3343 712298700199385
3347 853575828583274
3359 1078702358373792
3361 1080174004874411
3371 912832106535509
3373 844710951388073
3389 -29812392033844
3391 -165986414511137
3407 -1200324228149934
3413 -1466297373144912
3433 -1365052368233134
3449 -141318016586585
3457 674079700326585
3461 1079371602187035
3463 1273711420896872
3467 1634679268074989
3469 1796984625988856
3491 2253962512216922
3499 1682066632676045
3511 202938880842216
3517 -693157949395902
3527 -2146441964201065
3529 -2402103069872151
3533 -2853326180708929
3539 -3338056694847315
3541 -3438696677171491
3547 -3532283466780041
3557 -2945194403657724
3559 -2717610534694968
3571 -718245437764562
3581 1430550564643686
3583 1864497415893701
3593 3801555247469922
3607 5095333605390421
3613 4913944006581650
3617 4523383730396272
3623 3549414320957895
3631 1632176366308231
3637 -126474149622226
3643 -1995771190933557
3659 -6205329061406456
3671 -7221949337993206
3673 -7140371996429348
3677 -6748255835643316
3691 -3137472013884063
3697 -770861160195883
3701 949144322045391
3709 4423411603473531
3719 8078148100698317
3727 9790296121799163
3733 10097332920762384
3739 9466280203789419
3761 71201926198095
3767 -3557466967276567
3769 -4760017495880229
3779 -10151200650582476
3793 -13887213429087500
3797 -13781385287106466
3803 -12537335804149018
3821 -2004684949107115
3823 -407195602153074
3833 7783994575146723
3847 16754128567486229
3851 18129734191134477
3853 18559110016802702
3863 17864857940679259
3877 9080690156751101
3881 5242402369214597
3889 -3361545392984873
3907 -20873180878301728
3911 -23219208205271651
3917 -25067599288102807
3919 -25193892633694714
3923 -24673223881506984
3929 -21949515183039720
3931 -20539787549422002
3943 -7651377127406869
3947 -2128483914110678
3967 25057389532691833
3989 30720433263080901
4001 17482010698269776
4003 14346853966650336
4007 7508924143301851
4013 -3671906035918502
4019 -15079418787973120
4021 -18750785854882748
4027 -28826219717862341
4049 -41561367711900191
4051 -40240095765148531
4057 -33733391419580809
4073 -1742433002217798
4079 12939996390757809
4091 39468676908423771
4093 42956918989138684
4099 50971978000310319
4111 53448268735540011
4127 26983749698289537
4129 21724057624451345
4133 10360148537389778
4139 -7966737338132970
4153 -48131262299234251
4157 -56737508619722386
4159 -60288309510149119
4177 -63641421870957304
4201 6986662856008067
4211 44492114557928792
4217 63376933745576474
4219 68634065645165716
4229 84541767270890205
4231 85353559128759905
4241 76527376056551011
4243 72231660345514690
4253 39893010280410288
4259 13969407931636565
4261 4699646631334871
4271 -42249898507613338
4273 -51090213157595629
4283 -87475468623491377
4289 -100244744644039190
4297 -103619904089469748
4327 12325220763985956
4337 67653922902024905
4339 77487543508319353
4349 114755496833909034
4357 125583989346208943
4363 120716134853842230
4373 88296830547037142
4391 -22309652328217175
4397 -62544716426073496
4409 -126503095244620760
4421 -148983994579640510
4423 -147680251122331363
4441 -73164586309605796
4447 -29206754922041593
4451 2574338589064792
4457 50851542079474217
4463 95975818020174396
4481 173542302463137168
4483 174512620458298008
4493 153319983789167949
4507 60101750852865310
4513 5971290735757306
4517 -31563197090362703
4519 -50207831340348286
4523 -86310039313688739
4547 -201311953747020449
4549 -199297511877048341
4561 -146412210670318070
4567 -97416247734615225
4583 68306060703018645
4591 145847798984275448
4597 190967385856379560
4603 219964710561686834
4621 188543815134761737
4637 31520684573345041
4639 7408985640291107
4643 -41344279126083331
4649 -112147690383326955
4651 -134164955570022655
4657 -192291964958941551
4663 -234395626248712776
4673 -258447287178639351
4679 -242331920460535574
4691 -146580171492711383
4703 5411399220911623
4721 223980697615884336
4723 240737937473004460
4729 276622797672618625
4733 287259248940099389
4751 196988999827036203
4759 96805047901665223
4783 -237566026064803354
4787 -274342624037520700
4789 -288865936406971691
4793 -309377414224871039
4799 -317229277339685698
4801 -313526135548400349
4813 -227862191162148796
4817 -178335113281808080
4831 40662442070932165
4861 347381761931666461
4871 300857943434411765
4877 235118188797568757
4889 44609572732435347
4903 -199958845842651200
4909 -284248556945769712
4919 -367846079565837040
4931 -350161039624225726
4933 -334334772156778638
4937 -292575548205549252
4943 -207797358301843054
4951 -65240177495176219
4957 51694489703123535
4967 234943104886789512
4969 266452086579275007
4973 321611592892434498
4987 406629970218086926
4993 383817526405785062
4999 326095799871487129
5003 270419747483771462
5009 166359995031789335
5011 127511871462645670
5021 -80550994868538749
5023 -122018677898377895
5039 -384209865301974053
5051 -435647210078698032
5059 -383848911207804269
5077 -66103723067102740
5081 24377516680750405
5087 158702944133666074
5099 378792296944456172
5101 404610378040488196
5107 457437664837125952
5113 469645767133146196
5119 439550318019793618
5147 -107257483044933072
5153 -246041585277669001
5167 -472274626721033867
5171 -499221240616132178
5179 -492983160562422734
5189 -374835307277465298
5197 -208634096406832176
5209 99865149669320359
5227 480061126271544369
5231 522508933692737892
5233 536061591376330321
5237 547009473290026059
5261 188161807132687050
5273 -148933766661750390
5279 -308974673936953678
5281 -357327598073932138
5297 -588666619344457276
5303 -584746595805652467
5309 -527572287029392000
5323 -219673841353653135
5333 84350468307012151
5347 472031394371870797
5351 550190897942987030
5381 372496728613852016
5387 193457728073251128
5393 -6383775083030862
5399 -209226127012434811
5407 -452685288769111091
5413 -593087253606283384
5417 -658779580110460853
5419 -682065098864648064
5431 -674974517885000017
5437 -577271480537863090
5441 -481248562349207571
5443 -425224940776617590
5449 -231654482500626844
5471 540095207597409776
5477 682435132039367419
5479 717235130529231244
5483 765417699005256582
5501 602034307660084987
5503 547816221508078528
5507 422311635048299112
5519 -43326288907922229
5521 -125964967153059881
5527 -366110011249606325
5531 -511601196204716635
5557 -811437827910803847
5563 -683520635930826465
5569 -491094104477179289
5573 -334765026071877432
5581 17756664121968248
5591 460500088204120031
5623 829974622573559581
5639 215775698815668231
5641 117449862216685355
5647 -184383723899040161
5651 -381241087701490968
5653 -475346177686059670
5657 -650086144831340203
5659 -728905530169399486
5669 -1006405057868408832
5683 -982457163819552048
5689 -818895119948447910
5693 -665931285804603845
5701 -280947463602395887
5711 269061010115291508
5717 583817707962536895
5737 1165628757152276357
5741 1156092333896241131
5743 1133831277855142871
5749 999267477881757629
5779 -593243587037286844
5783 -802465360040258874
5791 -1124264382900905429
5801 -1280963914361087952
5807 -1224537869332070970
5813 -1057033471528557942
5821 -685059172350263500
5827 -325087745865943515
5839 465555004253950966
5843 711690019823120357
5849 1029677751046118644
5851 1117541878311835595
5857 1313771386965955556
5861 1381598854441622288
5867 1380743101497144334
5869 1352682892062515046
5879 1016457183420134537
5881 914281204303896373
5897 -150938027096990320
5903 -576149564031737506
5923 -1484082159047015413
5927 -1512542791231883574
5939 -1242555803214328941
5953 -378654476101545867
5981 1470629856468357502
5987 1609251766708899177
6007 1059264624245933406
6011 789325955604996381
6029 -664438276936772839
6037 -1227352789687807881
6043 -1531837025807333080
6047 -1661977961354360570
6053 -1733804563475723418
6067 -1312868052658029780
6073 -915022084090202152
6079 -430829337415382476
6089 450684916695701911
6091 622474437371636195
6101 1365043407908039422
6113 1818600091966173314
6121 1772414285276462198
6131 1323552343724786874
6133 1188766366674664401
6143 360377377998487868
6151 -386914934739835792
6163 -1375374150612255889
6173 -1854485698777880929
6197 -1166134479911739961
6199 -1005069147687691342
6203 -653081720523319209
6211 120224916197321001
6217 700318918315860601
6221 1057973498141474033
6229 1639548610662341231
6247 1941124009436834478
6257 1435945853618299508
6263 947810261517893739
6269 370770395257671319
6271 167348450250350806
6277 -447892843020701835
6287 -1368293324248746645
6299 -2027176621044965030
6301 -2071567815999218896
6311 -1980898239313349339
6317 -1684774555436344542
6323 -1234983839062735114
6329 -670846191817899773
6337 171940167459869215
6343 798769218231685910
6353 1668125026175138449
6359 2006962189837627642
6361 2081390899425640448
6367 2178027367671811511
6373 2079085747623200106
6379 1792062658239626348
6389 969177865031114446
6397 118915351618047535
6421 -2050420526301068522
6427 -2237536922936734314
6449 -1260580955716607043
6451 -1064702808358703869
6469 939999810969700102
6473 1345082677812044316
6481 1983661521402441771
6491 2335701110508957354
6521 256310647437901450
6529 -694589348304350929
6547 -2255343246947727884
6551 -2391048028622162789
6553 -2423085648825610906
6563 -2217038635379168557
6569 -1817463375624293953
6571 -1644657460343531286
6577 -1031079137753159246
6581 -563382504042035268
6599 1568051286512214279
6607 2220286074228488815
6619 2523124994511974885
6637 1346374503945722643
6653 -657585462879340285
6659 -1384009956540972978
6661 -1602666183614408317
6673 -2519390239196038037
6679 -2655941671263868415
6689 -2351270952815378413
6691 -2214103939798587734
6701 -1218473021079675092
6703 -971128955567644493
6709 -175489914862264775
6719 1166750963151476621
6733 2527463884423721556
6737 2715167186533745484
6761 1573445188317095487
6763 1329606731563174610
6779 -909303010922207031
6781 -1182531490318016342
6791 -2331269119452906072
6793 -2500784391500570613
6803 -2949590595688337912
6823 -1713059343369590354
6827 -1188712459705713252
6829 -905622728217167552
6833 -311695588257281283
6841 902617848397744873
6857 2772569579693246399
6863 3079253936736891700
6869 3109448859053863345
6871 3056326702284933067
6883 2119798461316836663
6899 -241773506633390728
6907 -1494019380142263082
6911 -2048882574497123724
6917 -2727345865709992880
6947 -2059113168534874827
6949 -1783411921350023192
6959 -179844914638671154
6961 163489229116013468
6967 1177406497557482844
6971 1805838908016335294
6977 2613274797841643923
6983 3193083545685322138
6991 3520596981734500891
6997 3399203788998737517
7001 3145064860704033212
7013 1673956712176079780
7019 660232990674273733
7027 -784417366270833893
7039 -2685800812039747368
7043 -3143277393746134787
7057 -3693513587713688185
7069 -2757793327166705772
7079 -1191396801566861345
7103 3001642102183576424
7109 3613580620287620493
7121 3849317038047403073
7127 3445596312236642676
7129 3238755497604575656
7151 -581829127494180252
7159 -2102844307728692732
7177 -4076163490231592004
7187 -3849206011848854150
7193 -3242149049166801537
7207 -812876645172808123
7211 21020897881301242
7213 441395546203606029
7219 1665838929432433475
7229 3345713233947052814
7237 4124871407057611123
7243 4287623747838667874
7247 4182631352771747474
7253 3713351216510053938
7283 -1964859950819039981
7297 -4061112621848333036
7307 -4424424481868815407
7309 -4365180144805992630
7321 -3137332354677653805
7331 -1229157629964583920
7333 -791971133222607318
7349 2644759308057389606
7351 3001496158992045460
7369 4561762101359062271
7393 1437018014675169060
7411 -2556400362120225728
7417 -3593815733922947977
7433 -4639797187086293210
7451 -2474602656924205231
7457 -1184879360220203037
7459 -724284091645178771
7477 3211313127403749820
7481 3840883906234525102
7487 4492442248913803462
7489 4622237586939212599
7499 4565815406910729126
7507 3699351292038942295
7517 1809905063133800430
7523 422077978536848821
7529 -1007085506336427460
7537 -2755419360779362730
7541 -3482272424336213020
7547 -4304448292328274349
7549 -4495463527845288976
7559 -4750308870280817792
7561 -4657363305985711690
7573 -3176486058621666685
7577 -2392684136784835379
7583 -1045428716955655609
7589 398700443246483558
7591 879132663823478780
7603 3420064714892295177
7607 4035112291196915701
7621 4808716824403677572
7639 2516728887501729605
7643 1636836727806991879
7649 203066295224867272
7669 -4005515951634897978
7673 -4481739222943862808
7681 -4879407695027312473
7687 -4663441986206772222
7691 -4281295781962122750
7699 -3017623605863478030
7703 -2186853242491121703
7717 1177669911284784202
7723 2544529387650841589
7727 3335540319895790269
7741 4885446871892457182
7753 4352283458440731308
7757 3802415281774135201
7759 3467553487327010682
7789 -3330290529381994182
7793 -4003768253494177512
7817 -4171942537648331461
7823 -3167738833646036734
7829 -1870775421693668252
7841 1114636729257000728
7853 3720040018236322070
7867 5054194125454977133
7873 4878963926239740967
7877 4510722588184168642
7879 4255864873484415800
7883 3617374447209828044
7901 -608542304086892321
7907 -2104031703162495872
7919 -4414901321186678342
7927 -5116599083541525519
7933 -5102275747575566221
7937 -4830759094070598192
7949 -2905844239222830350
7951 -2455732739453041925
7963 614309648853710273
7993 5307132628912694250
8009 3433639592703978443
8011 3002891213904388997
8017 1539596590381214897
8039 -3997664832469569513
8053 -5488997178380153512
8059 -5320263531080785918
8069 -3978551753434936210
8081 -1073405858501693801
8087 615020413277585382
8089 1175641048802796535
8093 2259184968818977349
8101 4123988543786857027
8111 5514072927048835131
8117 5700200516813307559
8123 5365935685490115363
8147 527120456810981
8161 -3811347202735283891
8167 -4988328018989310683
8171 -5530029117033108403
8179 -5932194152721408492
8191 -4765638268892469299
8209 -83801940870039706
8219 2867275971732984264
8221 3397639902944226136
8231 5454278532683689960
8233 5716533596996470633
8237 6066520757873834959
8243 6131079103863694109
8263 2638450289102137869
8269 834225259478857645
8273 -428318026636118346
8287 -4429978773637612691
8291 -5261186178223637219
8293 -5600195056003163379
8297 -6107306618556843419
8311 -5903104675512840651
8317 -4892387369001048399
8329 -1650430768477319792
8353 5347647667069976255
8363 6563172830730902558
8369 6519122858850699507
8377 5550456617898093936
8387 3112523217551968303
8389 2505918099657908444
8419 -6105544810970313015
8423 -6579055236519048522
8429 -6791892583007404387
8431 -6726247048086028408
8443 -4972742926734272409
8447 -3942769227289077309
8461 611005926741107309
8467 2620528115704834606
8501 6018735355526859654
8513 2991171002841848708
8521 290308479673557822
8527 -1796356503347863289
8537 -4838235608758435187
8539 -5324440722309158563
8543 -6132506938783995007
8563 -6193480018937916875
8573 -3822291923448588576
8581 -1203141937228836380
8597 4175142252938416722
8599 4726459455223694254
8609 6676415956466481014
8623 6603887650260780655
8627 5964292382538047343
8629 5552313719664124799
8641 2084322070847233558
8647 -18943451457544501
8663 -5110613403611176048
8669 -6332569271884974650
8677 -7058868982376716980
8681 -6999033438489028812
8689 -6045577544285374329
8693 -5190607207056830709
8699 -3528942504491963221
8707 -849061539173743093
8713 1272827986787445815
8719 3277299630923730350
8731 6234375554227180589
8737 6919275143835602067
8741 7028185556101767463
8747 6659446237808109376
8753 5686794564901339267
8761 3611254074244620620
8779 -2509045334305120047
8783 -3764399676264296030
8803 -6964486433770093568
8807 -6806851929867844685
8819 -4755510504220022781
8821 -4218775388227166759
8831 -1017644515059292905
8837 1076971605928936109
8839 1761827471721531903
8849 4777876078641285734
8861 6759655877534589811
8863 6861230771926560849
8867 6853009884189381698
8887 3008102841645440606
8893 1019378269449136158
8923 -6702767246641579028
8929 -6792349634543795414
8933 -6502838127927359490
8941 -5145596524828282344
8951 -2313227747089913211
8963 1776528480505175793
8969 3668857256454428695
8971 4232082732290500092
8999 5891526868265385933
9001 5514767056054620477
9007 4060245138043488210
9011 2871561234379697723
9013 2229280959185725257
9029 -3155166650278210222
9041 -6057797779828919887
9043 -6347139400180961251
9049 -6812469460052771448
9059 -6190409530425474140
9067 -4536268921926886991
9091 3293767300866966177
9103 6183802473738941926
9109 6830214811087865722
9127 5021272496451010820
9133 3348616039412705075
9137 2046155860931599353
9151 -2829135347283233265
9157 -4638322531221691455
9161 -5618816295063476542
9173 -7066439415497861471
9181 -6607798493755686622
9187 -5539300505716338356
9199 -1987622280722935022
9203 -557993939837891622
9209 1621133279487430372
9221 5377007443678996826
9227 6603506623619960800
9239 7183090906710300855
9241 7019188864878743190
9257 3364929017137237931
9277 -3851963238658840475
9281 -5074422932334870978
9283 -5612328276392970095
9293 -7361093221714495128
9311 -5846962402807097599
9319 -3461682083347599678
9323 -2020436475125921872
9337 3319428965984063301
9341 4670983660201711064
9343 5280658866082326773
9349 6770732480621648648
9371 6560761412230852284
9377 4958749419262628161
9391 -265916478937860530
9397 -2653300696452727791
9403 -4814680212518498511
9413 -7389755260630985883
9419 -8082966770642852708
9421 -8152360809259563496
9431 -7266119484327126494
9433 -6853693501302341502
9437 -5821269407818557299
9439 -5211513094042403057
9461 3437478793680985037
9463 4189554711993249349
9467 5563260623025188302
9473 7195486347505393807
9479 8182440514730734285
9491 7912645871550747061
9497 6671947515134571097
9511 1681857402723731212
9521 -2585431253827803934
9533 -6818932216842121356
9539 -8108977409559526027
9547 -8682795355116734659
9551 -8446164207229914932
9587 4104488506889171516
9601 8215852111166506657
9613 8671597174562983490
9619 7714820777620526000
9623 6679496967488576675
9629 4633055319561955823
9631 3846088248484787440
9643 -1406412185974800513
9649 -3973382289070565640
9661 -7845592526667541839
9677 -8610280516016361529
9679 -8305294278229705219
9689 -5608104099178509139
9697 -2399416897200833043
9719 6710262955032905657
9721 7284471395996541881
9733 9034691707794364249
9739 8706096295262880071
9743 8044478689643315397
9749 6454741655865626076
9767 -995432641035731108
9769 -1892413713053921079
9781 -6568285097333989904
9787 -8107746371894112719
9791 -8730994741388288937
9803 -8450368471886791032
9811 -6547176282799126453
9817 -4409755651826134752
9829 824896561529768058
9833 2596003348860663765
9839 5029948499358302238
9851 8334228215345271456
9857 8905702167611084256
9859 8916307314806809863
9871 7135243181732778077
9883 2827069780217988069
9887 1079851304876794916
9901 -4883562479608522078
9907 -6850533130191523799
9923 -8715859115485901498
9929 -7970114161693647767
9931 -7554615671926967777
9941 -4435575798380099037
9949 -1102417133414849340
9967 6142064314116031438
9973 7686389016196585406
